1
415 1335 415 1335 472 1698 504 1784 537 1871 684 2036 739 2083 820 2152 908 2226 1015 2207 1039 2202 1113 2190 1158 2158 1203 2127 1327 1968 1349 1926 1371 1885 1416 1823 1431 1779 1446 1735 1463 1661 1478 1583 1494 1506 1499 1472 1503 1439 1508 1405 1524 1233 1527 1165 1532 1068 1555 808 1543 706 1530 604 1425 469 1367 428 1309 388 1182 339 1085 328 989 317 843 325 767 355 692 385 616 417 523 512 431 607 398 668 372 774 346 881 371 996 379 1078 388 1161 415 1335 415 1335 
2
176 1118 178 1213 176 1294 190 1410 204 1527 224 1721 274 1839 323 1957 338 2019 407 2079 477 2140 624 2205 673 2227 721 2249 776 2270 923 2266 1069 2261 1168 2224 1270 2166 1347 2121 1397 2104 1510 1896 1581 1766 1599 1353 1587 1206 1570 1061 1563 924 1559 885 1554 840 1532 704 1500 632 1475 575 1389 455 1284 386 1178 316 1003 284 893 281 783 279 659 297 566 336 472 375 384 447 335 501 286 555 252 624 230 688 217 725 191 820 184 870 176 920 172 1024 175 1119 
3
233 1180 233 1180 239 1387 248 1473 257 1560 283 1723 289 1755 295 1787 335 1938 367 1994 400 2049 420 2072 441 2100 470 2139 631 2276 690 2313 750 2351 847 2372 922 2369 996 2366 1042 2365 1114 2328 1186 2292 1269 2218 1321 2173 1392 2111 1472 2048 1511 1965 1558 1867 1572 1721 1588 1613 1592 1585 1612 1328 1611 1285 1611 1243 1627 1091 1619 986 1610 882 1566 759 1529 702 1492 645 1425 569 1362 528 1299 488 1162 426 1027 414 891 401 784 409 709 433 633 458 557 486 474 556 391 626 332 694 301 767 270 841 246 978 243 970 241 963 233 1178 233 1180 
4
176 1202 175 1256 179 1354 195 1456 212 1558 270 1820 297 1876 320 1925 352 1968 382 2007 413 2045 464 2095 504 2135 545 2176 590 2226 641 2246 691 2267 750 2286 810 2285 870 2285 955 2258 987 2243 1018 2227 1112 2150 1137 2129 1162 2109 1221 2057 1254 2015 1287 1973 1332 1880 1341 1848 1351 1817 1375 1709 1380 1689 1385 1669 1417 1513 1421 1482 1424 1452 1433 1226 1433 1195 1433 1164 1418 937 1394 866 1369 787 1287 647 1244 604 1200 563 1088 493 991 472 894 451 769 438 663 457 556 477 474 517 419 560 361 605 278 696 245 772 211 849 204 939 195 996 186 1053 179 1151 177 1202 
5
455 1069 458 1152 459 1204 462 1257 466 1309 508 1785 523 1825 538 1865 573 1909 633 1968 694 2027 832 2127 875 2149 918 2170 1038 2194 1072 2193 1106 2193 1210 2183 1235 2175 1301 2152 1528 2018 1550 1996 1574 1973 1629 1897 1651 1859 1673 1820 1678 1774 1694 1731 1709 1688 1711 1251 1708 1196 1696 1057 1699 920 1696 883 1693 841 1669 709 1648 639 1632 583 1550 453 1470 385 1390 316 1203 279 1110 282 1016 284 902 295 808 329 714 362 646 414 602 465 557 515 518 590 497 651 485 686 462 776 460 826 458 875 452 986 455 1069 
6
355 1108 354 1163 346 1252 362 1354 379 1457 446 1726 472 1782 495 1832 537 1877 567 1916 596 1955 632 1989 670 2027 708 2065 762 2124 811 2144 859 2164 920 2186 978 2185 1036 2185 1108 2165 1139 2149 1170 2133 1260 2056 1285 2036 1309 2015 1366 1963 1398 1921 1430 1879 1473 1786 1482 1755 1492 1723 1514 1615 1519 1595 1524 1575 1556 1419 1559 1389 1563 1358 1578 1126 1578 1096 1578 1065 1575 836 1551 757 1527 679 1430 553 1389 510 1345 469 1237 399 1144 378 1050 357 928 344 826 363 723 383 644 423 590 466 534 511 454 602 421 679 389 755 364 862 363 913 362 964 358 1057 355 1108 
7
408 1068 409 1147 406 1190 409 1241 411 1291 485 1730 498 1769 510 1808 541 1851 594 1909 648 1967 772 2066 810 2088 849 2110 958 2135 989 2135 1019 2135 1114 2129 1137 2121 1198 2101 1408 1977 1428 1957 1451 1935 1502 1864 1523 1827 1544 1791 1550 1747 1565 1706 1580 1665 1653 1207 1656 1176 1661 1123 1676 928 1674 893 1672 858 1648 725 1631 669 1613 613 1579 549 1547 505 1514 461 1452 398 1377 359 1301 320 1175 292 1077 294 979 295 878 309 792 339 706 369 628 420 579 458 530 496 477 567 452 621 437 652 415 751 412 798 409 846 407 988 408 1068 
8
229 1211 229 1211 263 1449 278 1535 294 1620 327 1781 335 1812 344 1843 382 1975 416 2027 451 2080 506 2125 530 2149 560 2178 705 2310 764 2343 823 2376 913 2398 982 2390 1051 2382 1078 2364 1142 2322 1206 2281 1299 2182 1343 2134 1405 2066 1491 2012 1521 1926 1557 1825 1558 1678 1565 1569 1567 1541 1585 1290 1581 1247 1577 1205 1560 1046 1543 942 1527 838 1472 710 1437 665 1402 620 1334 540 1267 505 1200 469 1084 410 940 411 796 411 726 430 651 459 581 486 514 527 437 595 360 664 315 725 285 794 256 863 235 971 232 1013 229 1055 229 1210 229 1210 
9
454 1144 454 1144 442 1394 453 1478 464 1562 503 1719 509 1749 516 1780 542 1868 572 1919 603 1971 667 2035 689 2058 716 2087 845 2222 899 2254 953 2286 1036 2308 1102 2300 1167 2292 1265 2247 1326 2206 1388 2165 1424 2140 1468 2082 1511 2023 1566 1959 1580 1929 1594 1900 1615 1876 1625 1849 1635 1821 1676 1684 1680 1659 1683 1634 1686 1551 1689 1523 1692 1496 1703 1289 1701 1247 1699 1206 1695 1034 1679 928 1662 823 1634 741 1602 685 1569 629 1514 546 1457 498 1400 451 1287 388 1151 376 1016 364 938 390 866 418 800 444 731 486 656 553 581 620 549 690 520 745 492 799 471 914 466 955 461 996 454 1144 454 1144 
10
186 1215 192 1301 203 1541 212 1600 221 1659 274 1958 292 1995 309 2032 361 2108 420 2162 480 2215 618 2300 662 2322 707 2345 832 2370 867 2369 902 2369 1011 2359 1037 2351 1106 2327 1342 2186 1365 2164 1390 2139 1447 2060 1470 2020 1492 1979 1498 1931 1514 1886 1530 1840 1600 1339 1603 1305 1607 1247 1618 1034 1615 995 1612 957 1581 812 1559 752 1537 691 1497 622 1459 575 1420 528 1339 444 1242 385 1145 325 1004 295 892 300 780 304 711 318 604 373 497 428 411 490 356 533 301 576 239 670 211 729 195 764 173 872 170 924 168 976 179 1129 186 1215 
11
477 1183 472 1264 480 1472 494 1572 507 1672 533 1840 581 1944 630 2049 735 2158 757 2183 779 2208 932 2325 984 2344 1035 2363 1207 2381 1284 2349 1360 2316 1477 2224 1529 2172 1581 2120 1679 1989 1707 1908 1735 1827 1796 1500 1799 1449 1802 1397 1812 1134 1813 1042 1815 950 1775 775 1738 700 1700 625 1629 520 1476 418 1372 350 1120 346 1012 372 935 391 790 432 696 523 602 613 543 721 512 839 480 956 482 1103 477 1183 
12
459 1331 461 1351 507 1664 520 1721 532 1778 570 2004 611 2083 651 2162 669 2171 756 2242 844 2312 962 2381 997 2404 1031 2428 1039 2435 1075 2435 1111 2435 1206 2437 1236 2423 1267 2409 1344 2359 1410 2309 1475 2258 1540 2187 1564 2162 1587 2137 1631 2074 1651 2026 1671 1977 1697 1794 1705 1701 1713 1603 1763 1242 1761 1171 1760 1101 1741 849 1690 714 1640 578 1606 543 1540 487 1467 426 1408 393 1320 371 1192 339 1104 337 1009 344 873 353 760 394 706 428 649 463 552 547 492 663 433 779 424 861 423 924 421 987 436 1140 439 1169 442 1197 457 1307 458 1331 
13
414 1407 414 1407 500 1941 509 1966 518 1991 548 2111 566 2142 584 2174 602 2216 624 2241 646 2266 784 2399 811 2424 838 2450 916 2509 947 2527 978 2545 1057 2565 1088 2565 1119 2565 1210 2564 1254 2553 1298 2541 1326 2534 1349 2514 1372 2494 1502 2384 1522 2365 1541 2345 1604 2289 1635 2252 1666 2214 1686 2188 1696 2165 1707 2143 1729 2088 1738 2054 1747 2020 1771 1867 1779 1823 1787 1778 1803 1498 1806 1443 1808 1388 1806 1110 1786 1021 1766 933 1707 800 1646 732 1585 663 1453 591 1350 566 1247 541 1092 537 992 551 892 566 743 618 661 690 579 762 544 815 478 946 412 1078 416 1231 413 1261 410 1291 414 1407 414 1407 
14
205 922 205 922 254 1418 255 1535 257 1652 277 1833 291 1879 305 1924 316 1946 340 1980 363 2015 502 2152 560 2193 618 2233 691 2272 714 2278 738 2283 806 2293 849 2295 892 2298 965 2291 1005 2272 1045 2253 1241 2131 1272 2097 1302 2062 1372 2001 1395 1939 1418 1877 1426 1870 1434 1829 1442 1789 1447 1663 1450 1646 1454 1628 1473 1447 1475 1399 1476 1351 1499 1097 1500 1036 1501 975 1490 765 1467 678 1443 590 1358 473 1301 433 1252 399 1187 356 1083 338 979 319 871 307 743 327 614 347 511 392 446 444 382 495 286 593 258 649 230 704 205 795 202 824 199 852 205 923 205 923 
15
1560 775 1560 775 1624 968 1622 1193 1621 1327 1573 1669 1510 1794 1459 1895 1286 2101 1255 2132 1224 2163 1173 2224 1138 2243 1103 2263 1044 2291 1007 2294 970 2297 876 2294 836 2275 796 2255 771 2243 725 2205 678 2166 582 2061 549 2019 516 1976 463 1896 429 1838 389 1770 347 1669 330 1623 317 1590 289 1409 285 1352 281 1296 256 1110 256 1016 256 919 294 670 325 591 360 501 479 336 583 273 687 209 857 187 929 191 1002 195 1069 193 1173 246 1277 299 1347 357 1399 414 1452 470 1507 574 1514 598 1528 644 1560 775 1560 775 
16
284 1086 284 1086 308 1633 325 1704 342 1775 377 1950 454 2074 531 2197 704 2291 931 2292 995 2292 1079 2299 1156 2281 1320 2242 1426 2173 1508 2090 1638 1959 1630 1883 1661 1755 1692 1627 1686 1071 1679 991 1673 911 1656 780 1627 707 1598 633 1535 532 1444 469 1354 407 1205 354 1121 350 1036 345 885 343 805 361 725 378 600 420 541 476 482 532 414 575 368 661 334 722 312 783 296 866 286 917 284 1086 284 1086 
17
509 1527 520 1582 563 1767 575 1799 593 1844 619 1906 654 1951 688 1997 759 2055 788 2085 817 2115 859 2152 904 2181 949 2211 1006 2241 1073 2240 1140 2238 1175 2213 1206 2194 1238 2175 1315 2126 1355 2091 1395 2056 1448 2007 1509 1920 1570 1834 1594 1694 1605 1625 1617 1555 1624 1530 1630 1485 1636 1439 1631 1263 1631 1259 
18
577 1169 577 1169 633 1541 665 1629 696 1718 835 1928 889 1977 944 2025 1065 2070 1085 2071 1106 2071 1167 2072 1180 2067 1192 2062 1263 2035 1296 2008 1328 1980 1487 1806 1509 1764 1530 1722 1559 1669 1574 1624 1589 1578 1605 1503 1620 1423 1636 1344 1641 1309 1645 1275 1649 1241 1665 1064 1668 995 1672 895 1696 629 1683 524 1671 420 1568 281 1511 239 1454 198 1329 148 1235 137 1141 126 997 133 922 165 849 195 774 228 684 325 593 422 560 485 535 594 510 704 520 810 529 895 537 979 577 1169 577 1169 
19
1350 2439 1396 2420 1453 2385 1557 2312 1662 2239 1708 2198 1737 2152 1766 2106 1801 2034 1812 2005 1822 1976 1879 1685 1893 1629 1907 1573 1943 1201 1947 1090 1952 980 1922 781 1880 677 1838 574 1707 425 1527 349 1348 273 1073 309 980 335 906 357 739 450 630 607 520 765 504 935 497 1011 490 1086 526 1574 548 1686 569 1798 611 2015 673 2105 734 2196 868 2290 948 2347 1028 2404 1071 2430 1116 2444 1160 2457 1308 2452 1350 2439 
20
291 1151 291 1151 282 1404 296 1493 310 1581 371 1698 411 1794 413 1798 500 1993 609 2116 718 2238 797 2290 866 2324 935 2357 1041 2381 1124 2372 1207 2364 1289 2355 1367 2312 1446 2269 1564 2183 1621 2134 1678 2085 1735 1999 1755 1974 1775 1949 1790 1922 1803 1893 1816 1865 1866 1713 1870 1687 1875 1661 1893 1562 1896 1533 1899 1504 1912 1261 1910 1217 1907 1174 1914 967 1900 860 1885 753 1804 633 1765 587 1726 540 1644 464 1566 427 1487 390 1330 344 1158 345 986 346 916 369 825 399 740 426 653 470 558 540 463 611 423 656 384 727 345 798 318 906 312 949 306 992 291 1151 291 1151 
21
464 1171 464 1171 429 1550 442 1639 454 1727 472 1808 479 1840 487 1872 516 1964 551 2018 585 2073 695 2155 720 2179 750 2209 874 2331 935 2364 996 2398 1087 2415 1160 2407 1234 2398 1262 2396 1332 2353 1401 2310 1523 2221 1573 2172 1643 2105 1719 2054 1754 1967 1766 1938 1783 1914 1812 1827 1834 1764 1826 1642 1832 1570 1838 1498 1849 1305 1846 1261 1844 1218 1822 1011 1803 918 1783 825 1734 720 1693 656 1651 592 1577 515 1507 474 1438 432 1351 392 1199 393 1046 394 1017 401 931 431 855 458 804 479 734 532 663 585 584 685 546 776 509 866 494 932 488 975 483 1018 464 1171 464 1171 
22
598 1259 598 1259 591 1513 603 1601 614 1689 656 1872 663 1904 669 1936 696 2028 728 2082 759 2137 825 2204 847 2228 875 2258 1008 2400 1063 2434 1119 2468 1205 2491 1272 2482 1339 2474 1375 2461 1438 2418 1502 2375 1612 2285 1658 2236 1704 2187 1765 2108 1782 2083 1798 2058 1810 2031 1821 2003 1831 1974 1871 1822 1875 1796 1879 1770 1893 1671 1896 1642 1898 1613 1909 1369 1907 1326 1904 1282 1911 1075 1899 968 1887 861 1822 740 1790 693 1758 647 1692 570 1629 534 1565 497 1438 451 1299 451 1160 452 1103 475 1030 505 962 533 891 577 814 647 737 718 705 764 674 835 642 906 620 1014 615 1057 611 1100 598 1259 598 1259 
23
450 1245 449 1298 455 1402 471 1500 488 1599 544 1832 571 1887 594 1934 626 1990 657 2027 687 2065 716 2100 755 2137 794 2173 870 2217 920 2237 971 2256 1029 2270 1089 2270 1149 2269 1232 2242 1264 2227 1295 2211 1393 2151 1419 2131 1444 2111 1496 2063 1530 2023 1563 1983 1604 1890 1614 1860 1624 1829 1647 1725 1652 1705 1657 1686 1690 1535 1693 1505 1697 1476 1710 1246 1710 1217 1710 1187 1689 991 1664 915 1639 839 1580 736 1534 684 1488 633 1375 577 1279 556 1182 535 1042 517 936 536 831 555 756 592 696 632 635 673 553 796 525 849 496 901 469 1027 467 1055 466 1083 453 1195 450 1244 
24
513 1165 512 1223 531 1348 548 1455 565 1562 623 1813 650 1872 675 1923 707 1983 739 2024 770 2064 799 2103 840 2142 880 2181 958 2229 1010 2250 1062 2271 1122 2286 1184 2285 1246 2284 1331 2255 1364 2239 1397 2222 1497 2158 1523 2136 1549 2114 1604 2063 1638 2019 1672 1975 1714 1876 1725 1843 1735 1809 1759 1697 1764 1676 1769 1655 1803 1492 1806 1460 1810 1428 1841 1189 1841 1157 1841 1126 1831 880 1805 798 1779 716 1688 579 1642 541 1596 503 1479 422 1379 400 1279 378 1135 368 1027 389 918 409 838 452 775 496 713 540 619 654 589 711 560 768 527 940 525 971 524 1001 516 1112 513 1165 
25
560 1128 559 1189 561 1349 579 1462 597 1576 675 1817 704 1880 730 1935 764 1998 797 2041 830 2085 867 2128 906 2162 945 2197 1038 2254 1092 2277 1147 2299 1200 2320 1265 2319 1330 2319 1420 2287 1454 2270 1488 2253 1594 2184 1622 2161 1649 2138 1706 2083 1742 2037 1778 1990 1823 1884 1833 1849 1844 1814 1880 1689 1885 1667 1890 1644 1927 1491 1930 1457 1934 1423 1956 1154 1956 1120 1956 1086 1945 825 1918 738 1890 651 1795 505 1747 465 1699 424 1575 338 1470 315 1366 292 1214 281 1100 302 986 324 902 370 836 417 770 463 672 585 641 645 609 705 575 889 573 922 572 954 563 1072 560 1128 
26
391 1181 390 1243 392 1404 410 1519 428 1634 506 1879 535 1942 560 1997 595 2061 628 2105 661 2149 697 2193 736 2227 775 2262 868 2321 923 2343 978 2366 1031 2387 1096 2386 1161 2385 1250 2354 1285 2336 1319 2319 1425 2249 1452 2226 1480 2202 1537 2147 1573 2100 1609 2053 1653 1946 1664 1910 1675 1874 1710 1748 1716 1726 1721 1703 1757 1548 1761 1513 1765 1479 1786 1207 1786 1173 1786 1139 1776 875 1749 786 1721 698 1626 550 1578 510 1529 469 1406 382 1301 358 1196 335 1045 324 931 346 817 368 732 414 667 461 601 508 503 632 471 693 440 754 406 939 404 972 403 1005 394 1124 391 1181 
27
633 1231 637 1310 651 1529 657 1583 663 1638 702 1915 717 1949 731 1983 765 2035 782 2051 799 2066 988 2236 1025 2258 1063 2280 1169 2305 1199 2305 1229 2306 1322 2299 1344 2292 1404 2272 1608 2147 1628 2127 1650 2104 1701 2033 1721 1996 1741 1959 1747 1915 1762 1873 1776 1832 1847 1371 1850 1340 1855 1288 1869 1091 1868 1055 1866 1020 1843 886 1825 830 1808 774 1776 709 1743 665 1711 621 1652 558 1578 518 1504 479 1381 451 1285 452 1190 454 1091 468 1007 498 923 528 848 579 800 618 752 656 700 728 675 782 661 813 640 913 636 960 633 1008 630 1152 633 1231 
28
459 1120 459 1120 475 1482 511 1623 546 1764 617 1950 641 1987 665 2025 725 2106 807 2154 890 2202 1052 2232 1161 2226 1271 2220 1405 2171 1465 2130 1564 2064 1624 1946 1660 1873 1696 1799 1747 1576 1756 1525 1765 1474 1832 1155 1840 1092 1850 1008 1848 916 1836 814 1824 713 1790 624 1755 555 1731 506 1653 427 1561 367 1478 314 1312 263 1239 253 1166 243 1052 242 981 251 930 256 811 278 720 328 629 377 565 446 528 509 490 572 458 674 451 758 443 841 459 1121 459 1121 
29
351 785 349 806 352 956 360 1104 368 1260 383 1392 400 1470 420 1563 426 1577 444 1614 465 1658 509 1740 579 1805 648 1870 766 1939 837 1956 908 1973 974 1977 1059 1963 1145 1950 1217 1903 1255 1880 1315 1843 1380 1785 1429 1690 1480 1593 1488 1569 1503 1476 1519 1384 1498 1175 1495 1115 1493 1054 1479 823 1469 756 1458 679 1429 591 1372 532 1317 475 1249 416 1133 379 1017 342 986 343 913 344 846 344 768 355 678 388 587 421 528 463 482 517 435 570 420 590 392 645 364 701 354 742 351 785 
30
486 902 486 902 474 1312 502 1513 545 1688 568 1859 663 1988 778 2124 939 2232 1002 2256 1022 2258 1115 2291 1242 2245 1326 2191 1489 2016 1517 1959 1568 1889 1635 1506 1618 1325 1593 1125 1698 1000 1567 678 1301 306 551 391 486 902 
31
365 1215 365 1215 371 1633 583 2024 765 2305 886 2386 943 2405 1031 2432 1199 2432 1281 2377 1374 2341 1584 2008 1584 2008 1626 1944 1676 1714 1731 1473 1765 1240 1745 934 1724 862 1630 500 1412 352 1052 332 560 312 334 817 365 1215 
32
606 1109 600 1111 607 1227 608 1240 620 1443 657 1819 691 1905 737 2024 888 2184 921 2208 954 2231 1163 2329 1335 2256 1506 2182 1648 2016 1653 2006 1727 1862 1735 1718 1775 1575 2124 150 644 264 606 1109 
33
531 932 531 932 531 1157 575 1313 571 1446 620 1563 639 1650 664 1767 698 1912 772 2002 851 2114 940 2209 1044 2276 1121 2296 1213 2301 1312 2251 1427 2136 1487 2023 1542 1906 1584 1798 1609 1706 1631 1617 1662 1490 1682 1367 1688 1207 1793 537 1475 303 1169 300 910 298 539 471 531 932 
34
451 1605 451 1605 454 1638 461 1689 476 1804 511 2008 576 2127 682 2297 912 2455 912 2455 912 2455 1070 2537 1228 2464 1386 2392 1565 2234 1569 2224 1569 2224 1676 2109 1716 1841 1742 1570 1744 1371 1744 1371 1799 891 1623 578 1215 501 574 436 302 1094 451 1605 
35
824 1200 824 1200 851 1547 937 1752 1049 1951 1172 2119 1233 2146 1252 2169 1491 2243 1649 2117 1827 1983 1928 1751 1928 1751 1970 1678 1975 1515 2003 1335 2051 1022 2097 644 2056 515 1875 -4 644 -223 824 1200 
36
243 513 244 522 244 552 246 587 250 634 256 692 274 720 305 769 358 799 358 799 365 807 397 842 452 847 489 846 521 853 570 821 620 787 632 777 664 745 706 707 708 634 710 594 722 467 750 349 715 269 636 85 363 52 257 239 221 302 238 399 243 513 
